.Random.seed <-
c(403L, 1L, -554696901L, 1653053194L, -669939988L, 783709039L, 
-1338768219L, -880822692L, 1693367858L, 1095802157L, -747959321L, 
1652747022L, -906130200L, -1982880021L, 1311033225L, -1662586088L, 
1621116486L, -1437935967L, -498058957L, 2054690978L, -893872236L, 
-937413097L, -1971592691L, -844630236L, -2134527222L, 60898933L, 
283540943L, -288905514L, -179885440L, 1254855875L, -1990569375L, 
-1765528880L, 1134316590L, 983212505L, -1474544149L, -878356390L, 
529586716L, 1169668895L, 1852469109L, -1621445108L, -2116096030L, 
1805685949L, -639855817L, -626000930L, 963492120L, -1947759493L, 
-2117029351L, -697945432L, 602855510L, 496907473L, 966021251L, 
832791314L, -824052060L, 1465426535L, 1681996733L, -905530060L, 
815468186L, -599810843L, -134652289L, -1868494842L, -1584551024L, 
-1613334989L, -807344687L, 499857280L, -1722602914L, -1907945047L, 
472350811L, -253732758L, -2038253300L, -2008919217L, 1456148485L, 
-821317956L, -1573967982L, 717509773L, 1835143879L, 89097134L, 
992222728L, 847286795L, -1023819031L, 980020664L, -1074623898L, 
-893405439L, -7061101L, 1149950530L, -214979084L, 369874935L, 
-1598370835L, 758834308L, -499434838L, 415051797L, 340490415L, 
-476703050L, 191194336L, -233986013L, -258918591L, 1788492336L, 
208939086L, 1799575737L, 1351388363L, 425808250L, 637848700L, 
2120100031L, 1218469269L, -1562960468L, 2063398786L, -1613537955L, 
1433818199L, -1268829378L, -2063426696L, -666478501L, -871014471L, 
-833167864L, -1207939914L, -2005869583L, -1471928797L, 1634555506L, 
-960262972L, -182171001L, 1768800861L, -1725021100L, -16560518L, 
-325095995L, 84659999L, 742242982L, 1678867504L, -1857823021L, 
846511345L, 99276832L, 622329534L, -434447671L, 1476964475L, 
-840978870L, -345777492L, -198292049L, -1093894811L, -1722979556L, 
-424833166L, -1844108307L, -2000821209L, -367494066L, 1078313128L, 
427126443L, -1409840183L, 1816930264L, 865971846L, -1494698143L, 
838527731L, 1675113826L, -1287339052L, 1146218199L, -405271347L, 
-148911004L, -683900342L, -382629963L, -141337841L, -2113083370L, 
-1418333504L, 1455686787L, 221016225L, 36271760L, 1038984558L, 
-494496999L, -142207061L, -290572902L, 90067292L, 1609803871L, 
-143267787L, 643165132L, 1614962466L, -594181763L, -2059392393L, 
2125640606L, -1647476136L, 593111995L, 760569177L, 1730746088L, 
928278294L, -422434671L, -2060491453L, 1982734418L, -1607499036L, 
-1157327577L, 503639421L, 443180148L, 1026862682L, -113124699L, 
-1039605569L, 1160848198L, -2112687664L, -1430793229L, 608955153L, 
1039686464L, -965352674L, -1118376983L, 30187803L, -901260502L, 
-1889379252L, -1241902065L, -881074363L, -1921730308L, -662419630L, 
1721993421L, 1135532167L, 939576174L, 1883643208L, 1274972491L, 
1155718313L, -715620872L, -949017306L, -164866495L, 1629806547L, 
325875074L, -1501587020L, -2041420489L, -176377811L, -515408572L, 
-92145046L, 1924633813L, 938943087L, 138905462L, -2091849568L, 
-1951219357L, 112759297L, -1403772560L, -1232994034L, -1275595911L, 
292862731L, 893969466L, 1102316348L, -2026470254L, -2120762240L, 
-1191396332L, -1823468760L, -1269216198L, 1923431632L, 189582444L, 
-1894091084L, -915988462L, -1637482528L, -1181486132L, 1960031712L, 
1518976034L, 472970536L, 489840908L, 1376804412L, -240855822L, 
-75065104L, -1533999292L, 895156312L, -560760262L, 849144048L, 
-426249540L, -2075962860L, 484478146L, 1528211040L, -1644808836L, 
-1481552688L, -18441182L, 1226901672L, 751058316L, -89642564L, 
-1993910222L, 339245888L, 1839007412L, -112643768L, 1338254010L, 
637851408L, -1641117460L, -580642732L, -133304558L, 932446624L, 
1259589580L, 1087297376L, -1472727870L, 1556700712L, 1008011692L, 
-1126411460L, 26882930L, -1440639184L, -573151196L, -1689878984L, 
1454822106L, 63514512L, 506031356L, 1393218964L, -1727786174L, 
55986688L, -525752260L, 124545616L, -1804173150L, -456486072L, 
-399318516L, 1568944860L, 319350866L, 1353657472L, -1054412972L, 
471433192L, 295041786L, 905133904L, -134048724L, -809799308L, 
2115630738L, -1788601760L, 2020300940L, -1742993056L, -1117099806L, 
-1316100952L, -1724031284L, 626321916L, -903105614L, -1583088656L, 
-1617024572L, -1660015272L, -882501254L, -1657857616L, -714284612L, 
-1557852588L, 131447234L, 2113850144L, 812178364L, 1460727888L, 
-744905758L, -509819032L, 815750988L, -2033152260L, 1003294450L, 
-1188901632L, 2031641716L, -506171896L, 1533771194L, 1906673104L, 
2054860780L, 1348176788L, 627126482L, 973913184L, -1865517748L, 
1244236576L, -1989412222L, 1834426856L, -105225236L, 346101308L, 
-1613644174L, -876743824L, -708784860L, 1241045560L, 1502515610L, 
87344592L, -764549700L, 1502168724L, 956072578L, -828238400L, 
1615540028L, 768832144L, 1118562082L, -1967434232L, 1236697868L, 
293067676L, 1526006802L, 1869403008L, -2139026668L, 371635496L, 
-1242394566L, 546649040L, -309601684L, 2118073396L, -166586222L, 
1818706272L, 1386655052L, -622178848L, -92032094L, -1407382616L, 
1174097036L, 336036796L, 534887538L, -1625729040L, -405007292L, 
-977291176L, -24158150L, 1184280688L, -1021422020L, 152901396L, 
-1887327550L, 1413763808L, -1417655172L, -235275056L, 1087032226L, 
-1889259992L, 214071564L, 1449678780L, -563484366L, 873668800L, 
305955380L, -1799583032L, -1351370054L, -1634925424L, 679212780L, 
671571540L, -921598318L, -676456672L, -2068625460L, -1703796512L, 
840253122L, -786955224L, 399870892L, 839948988L, -890091022L, 
-214673872L, -1779316828L, 332239288L, 1015149402L, -970263408L, 
2039806844L, 227833620L, -1812640446L, -1412514048L, -1998654532L, 
810946384L, 211900706L, -977231288L, -684232692L, 1653077084L, 
946389458L, 1897651712L, -831852204L, 1562800360L, -1055485702L, 
573081296L, -1016590036L, -1937207052L, 799452562L, -2067486368L, 
1322051596L, -1979129120L, 340654690L, 1683329704L, -1227330996L, 
18358140L, 2017707314L, -1532348816L, -1757408444L, 1807394776L, 
-1698375814L, 51308080L, -728574020L, -1489324460L, 1446289474L, 
-1474842464L, -224790852L, 537590224L, 269472610L, 891876072L, 
-553148212L, 1074012668L, 1087529458L, -621499776L, 2146721268L, 
1662663269L, -1725409169L, 1422752424L, -1824897018L, 1001104691L, 
1145399701L, -109464078L, -1008104896L, 272786345L, -1276543461L, 
2122553324L, 90226682L, -1367514065L, 292934713L, -2145352114L, 
624490140L, 1276333069L, -1313091465L, 634476672L, 553410270L, 
1925363115L, 837584557L, 446651162L, -1080409128L, -2123456447L, 
1225707251L, 663793940L, -1961605982L, 1307156919L, 1587701121L, 
-1740704890L, -1596079676L, 1168025845L, 1265789279L, -1748065352L, 
-57244010L, -560590685L, 1843501669L, 1042599810L, -1732131600L, 
1873763481L, 1412461707L, -875856516L, 1055902634L, 2063272927L, 
684351849L, -183677570L, -757478036L, -649374275L, -1954654585L, 
484815472L, -1915840242L, -1456830917L, 450450717L, -576176182L, 
2012023016L, 829098961L, 948727235L, 282633924L, 1679863154L, 
2093219911L, -770931695L, 840131990L, 177305844L, -1862782331L, 
821623759L, 733688520L, 1314984806L, -1675794029L, 1708155637L, 
884112082L, -1875385056L, -1669444343L, -1817765317L, -1327165556L, 
-1833857510L, 1077048975L, -1381985831L, 1425745518L, 387352060L, 
428834669L, -339203817L, 576849120L, -1125258562L, 1847421067L, 
-679438579L, 200652602L, -37449864L, -1315789535L, 1731638739L, 
-1231907596L, 2067279234L, 123623447L, -1050272031L, -689780698L, 
-1386607324L, -927975979L, -1122502273L, -422270952L, -2085349578L, 
-456855101L, 520290309L, -1232346206L, 1473228688L, -955217095L, 
1790484459L, 543113436L, 1798160650L, 574541823L, 924377673L, 
48039902L, 48891788L, 1030362973L, -888107161L, 1519973520L, 
924637870L, -239847589L, 1131218749L, 751924650L, 1211677256L, 
-1815176591L, -720536605L, -1149868316L, 1446395410L, -207517209L, 
-954800719L, -1454611466L, 339103252L, -598142683L, 1984100911L, 
1917714408L, 1373989062L, 619834739L, 955250133L, 685816242L, 
513259392L, 786344809L, 1294245851L, -1077033172L, -96786118L, 
757979119L, -1528094087L, -874257138L, 1988889820L, -1988058291L, 
-93721929L, 1291814976L, -1895159522L, 982266859L, 1183694701L, 
